4
86 83
15 77
35 93
92 86
4
21 49
27 62
59 90
26 63
4
26 40
36 72
68 11
29 67
4
30 82
23 62
35 67
2 29
4
58 22
67 69
56 93
42 11
4
73 29
19 21
37 84
24 98
4
70 15
26 13
80 91
73 56
4
70 62
81 96
25 5
27 84
4
5 36
29 46
57 13
95 24
4
45 82
67 14
64 34
50 43
4
8 87
78 76
84 88
51 3
4
99 54
60 32
68 76
12 39
4
86 26
39 94
70 95
78 34
4
1 67
2 97
92 17
56 52
4
80 1
41 86
89 65
19 44
4
29 40
17 31
71 97
75 81
4
27 9
56 67
53 97
65 86
4
83 6
24 19
71 28
29 32
4
19 3
68 70
15 8
49 40
4
23 96
45 18
51 46
55 21
4
88 79
28 64
50 41
0 93
4
64 34
14 24
56 87
91 43
4
65 27
36 59
51 32
28 37
4
7 75
21 74
95 58
37 29
4
93 35
28 18
11 43
29 28
4
4 76
63 43
38 13
40 6
4
18 4
88 28
17 69
96 17
4
43 24
83 70
99 90
25 72
4
90 44
39 5
86 54
82 69
4
64 42
7 97
4 55
11 48
4
28 22
43 99
68 46
22 40
4
10 11
1 5
30 61
5 78
4
36 20
26 44
65 22
16 8
4
58 82
37 24
24 62
36 0
4
99 52
50 79
71 68
31 73
4
30 81
94 33
63 60
81 99
4
96 99
73 59
68 13
95 90
4
66 26
40 84
84 90
42 76
4
7 36
56 45
18 79
12 87
4
72 48
9 59
10 36
87 42
4
1 6
72 13
55 21
99 19
4
4 21
11 39
67 40
28 5
4
50 27
58 84
24 20
69 22
4
81 96
84 30
72 92
50 72
4
85 25
99 22
42 40
13 98
4
90 98
90 24
81 9
36 19
4
55 32
4 94
69 79
76 73
4
55 50
42 60
84 79
5 93
4
67 21
13 4
54 61
59 26
4
2 44
6 2
21 84
68 42
4
89 28
8 72
98 58
8 36
4
48 53
33 3
48 33
54 90
4
46 67
29 68
46 0
97 88
4
90 49
33 3
97 63
92 53
4
25 86
96 52
88 75
29 57
4
60 36
21 14
4 60
27 28
4
48 50
2 56
97 94
43 99
4
2 39
3 28
81 0
38 47
4
51 59
34 35
92 39
27 15
4
29 4
64 49
29 85
35 43
4
0 77
71 38
89 49
88 67
4
95 92
44 43
90 29
40 82
4
69 41
32 26
42 61
17 60
4
61 23
9 81
25 90
67 96
4
34 77
26 90
57 24
68 14
4
58 5
86 12
46 0
94 26
4
52 16
29 78
90 46
70 47
4
80 51
93 31
27 57
86 12
4
55 14
90 12
79 12
69 10
4
74 89
41 55
33 20
88 87
4
66 38
84 70
17 56
60 6
4
37 49
59 5
18 17
83 45
4
58 73
37 73
83 89
78 7
4
14 57
29 71
59 0
38 18
4
88 25
33 74
81 57
58 93
4
99 70
39 17
63 69
94 22
4
47 73
62 31
90 82
91 92
4
15 57
57 21
91 74
51 47
4
21 31
40 37
30 54
25 98
4
16 81
2 16
39 31
4 96
4
80 38
21 18
62 70
79 12
4
85 77
4 36
83 76
59 7
4
44 57
11 99
50 27
60 36
4
5 18
49 63
11 44
34 5
4
75 91
14 55
68 89
18 93
4
82 5
82 22
30 17
74 93
4
93 26
53 86
74 43
13 14
4
77 79
75 62
19 88
32 10
4
17 94
35 46
91 37
43 53
4
28 73
91 25
18 10
36 17
4
55 63
58 90
4 30
61 71
4
85 33
73 89
51 4
50 5
4
3 68
6 85
39 95
20 49
4
26 67
77 63
81 96
60 65
4
55 36
18 70
42 11
96 32
4
21 79
84 70
27 72
40 34
4
72 83
30 98
47 63
30 50
4
14 73
22 59
24 47
35 82
4
4 32
43 54
86 98
78 40
4
62 59
83 62
48 41
24 23
